563946035075
565449707418
565256989685
564719400434
564987287176
563264853219
563330118664
563264433954
563587597721
563614850553
563692824110
563803623838
564818167319
564903150680
564987419049
565256845911
563301796783
563372948190
563476186037
563532615020
563556444073
564044631785
565257297067
563276312621
563330754023
563404777926
563454846659
563484780652
563532519178
563537200764
563655622286
563724726711
563789252636
563789296571
563799041052
564204571947
564550680151
564644128734
564666502335
564748623702
564902986851
565394741035
565651251950
