529206072403
523218701724
543240632130
542222080422
524671091992
537843828170
529118311386
529185193652
542828692782
529207192607
529169778874
529184729450
543859429923
529183969401
540743244830
553752992067
523217182497
543297860173
523218877413
529169210660
539892828103
529184105660
557216061728
529118411080
529168594434
529184753597
532947861922
529118703126
529169878713
529116795663
529118543297
529168962372
529170342774
542284225528
523194855629
524702313499
529207148726
537912231750
542221852329
523217114705
523217186535
524670651097
529117339920
529169562471
529185625395
529206464386
532863083010
539973640231
543111341998
556596747739
523194771836
524702682944
524714740711
529117827057
529118407589
529118475079
529118503486
529170166311
529183873469
529183917132
529184665736
529184793471
529185497004
529185545794
529205748608
529205760741
529205984538
529206172117
529206568562
530386192639
542371620501
543059422802
544385032827
546498317636
523218637856
523225372171
524702970523
525162632832
529116839605
529117183879
529118095829
529118459534
529118691411
529169498705
529169930059
529170478146
529185325636
529185445081
529185561058
529185569372
529185693276
529205640493
529206816967
529207020940
532920634440
537413305999
539451232821
541268656830
541285510519
541285782579
542289565073
543158250381
543493305913
564242500891
564352229853
